ncustomers = 50;
ndepots = 5;
vehicle_capacity = 160;
capacities = [10000,10000,10000,10000,10000];
demands = [7,30,16,9,21,15,19,23,11,5,19,29,23,21,10,15,3,41,9,28,8,8,16,10,28,7,15,14,6,19,11,12,23,26,17,6,9,15,14,7,27,13,11,16,10,5,25,17,18,10];
opening_cost = [40,40,40,40,40];
route_cost = 0;
% the distance matrix is indexed as follows:
% * the first ncustomers elements are the customers
% * the elements between ncustomers + 1 and ncustomers + ndepots are depots
distances = array2d(1..55, 1..55, [0,2816,3700,4522,4304,3634,3195,3736,3982,3401,1208,2088,4186,2692,3601,1860,3067,2758,4579,2088,2692,707,2158,2900,3310,1886,806,1615,2137,3264,1700,608,4295,3061,2731,3106,3041,1878,4304,5603,4420,4494,3417,3765,4204,1392,2332,1236,2640,2420,2716,2780,4186,3891,608,2816,0,1655,2469,2102,824,1414,1526,1746,5047,3395,2780,2433,761,4263,4373,3162,1788,3622,4883,5346,3395,1063,316,1118,2617,2102,3847,4901,5371,3440,2915,5375,5440,5481,5758,3546,3862,6046,4318,3201,4080,1552,3996,4920,2507,2334,1708,4429,4850,100,2195,2433,5521,3423,3700,1655,0,3805,3405,1702,509,223,3100,6519,4614,4318,3911,2416,5882,5503,4802,3443,5217,5532,6390,4060,1565,1341,2647,2531,3224,4110,5824,6711,3535,4024,6965,6664,6000,6120,5161,5186,7516,5807,4767,5724,300,5643,6545,3905,3940,2469,5841,6037,1700,3847,3911,7009,4244,4522,2469,3805,0,400,2102,3765,3601,728,5124,4459,3157,509,2000,3736,5412,2716,1838,1838,6536,6403,5220,3488,2720,1389,4992,3720,5941,6203,5800,5672,4294,4870,6140,7220,7627,3224,4589,6001,2061,1345,2640,3832,3195,4215,3453,2570,3828,4804,5707,2507,2039,509,5474,5077,4304,2102,3405,400,0,1702,3373,3201,360,5178,4341,3106,707,1697,3862,5315,2789,1726,2140,6350,6315,4992,3138,2340,1063,4661,3498,5672,6072,5807,5375,4123,5015,6107,7023,7409,3298,4527,6087,2451,1640,2900,3436,3354,4382,3324,2507,3535,4804,5643,2147,2000,707,5554,4876,3634,824,1702,2102,1702,0,1708,1500,1403,5635,4143,3354,2236,1208,4675,5135,3538,2126,3605,5707,6120,4220,1802,860,1081,3342,2901,4651,5700,6040,4219,3701,5825,6161,6306,6578,3982,4560,6624,4119,3132,4205,1746,4318,5303,3201,2830,2529,5069,5590,921,2549,2236,6090,4242,3195,1414,509,3765,3373,1708,0,608,3041,6082,4134,3920,3805,2158,5522,5008,4472,3162,5035,5024,5887,3551,1081,1104,2500,2061,2745,3622,5316,6242,3059,3535,6580,6177,5500,5632,4802,4720,7076,5703,4609,5481,223,5322,6191,3465,3584,1969,5390,5547,1431,3546,3805,6576,3736,3736,1526,223,3601,3201,1500,608,0,2901,6466,4606,4242,3721,2282,5780,5515,4687,3312,5044,5614,6419,4130,1581,1220,2473,2668,3220,4229,5869,6688,3667,4031,6876,6664,6100,6239,5060,5162,7465,5614,4589,5571,447,5522,6440,3860,3841,2500,5800,6041,1581,3721,3721,6952,4295,3982,1746,3100,728,360,1403,3041,2901,0,5044,4079,2901,854,1345,3801,5063,2692,1500,2282,6041,6067,4664,2778,1992,707,4301,3176,5326,5797,5632,5020,3827,4964,5900,6708,7083,3195,4304,5977,2716,1788,2983,3114,3328,4356,3059,2302,3182,4627,5414,1788,1824,854,5440,4561,3401,5047,6519,5124,5178,5635,6082,6466,5044,0,2193,2282,4617,4429,1581,2002,2408,3605,3883,3748,2370,3710,5020,5300,4716,5277,3420,4669,2789,921,5000,2817,1208,1562,4341,4947,1902,1523,1000,4838,4119,3195,6296,2184,1627,2617,2823,4280,761,1676,4964,3228,4617,500,3298,1208,3395,4614,4459,4341,4143,4134,4606,4079,2193,0,1421,4031,3001,2570,1000,2343,2624,4031,2267,2002,1600,3052,3573,3512,3088,1389,2601,1746,2126,2844,640,3125,2061,2973,3500,2147,670,3106,5093,4000,3744,4356,2863,3114,1019,1923,2202,1431,1456,3298,2459,4031,2683,1204,2088,2780,4318,3157,3106,3354,3920,4242,2901,2282,1421,0,2692,2147,1676,2284,984,1403,2617,3676,3257,2731,2915,3047,2473,3622,1603,3700,3138,2745,3748,1565,2662,3001,4384,4891,1004,1431,3275,3676,2580,2416,4123,1702,2340,707,600,2376,1746,2549,2701,1118,2692,2745,2418,4186,2433,3911,509,707,2236,3805,3721,854,4617,4031,2692,0,1838,3228,4964,2209,1442,1442,6158,5948,4891,3383,2716,1315,4830,3397,5663,5777,5303,5440,3911,4365,5656,6850,7280,2716,4123,5491,1900,943,2193,3900,2692,3716,3041,2118,3605,4310,5239,2451,1581,0,4964,4720,2692,761,2416,2000,1697,1208,2158,2282,1345,4429,3001,2147,1838,0,3538,4001,2420,1029,2901,4775,5000,3354,1552,1077,640,3001,1897,3982,4638,4838,3679,2630,4669,4981,5423,5770,2828,3373,5420,3667,2507,3324,2308,3244,4186,2022,1640,1838,3862,4428,728,1442,1838,4887,3289,3601,4263,5882,3736,3862,4675,5522,5780,3801,1581,2570,1676,3228,3538,0,2968,1140,2549,2319,4695,3676,4143,4561,4560,3640,5277,3255,5147,3883,2459,5300,3006,1166,3023,5371,5948,721,2102,2302,3257,2601,1615,5714,608,670,2334,1941,4052,1697,2900,4201,2126,3228,1802,3765,1860,4373,5503,5412,5315,5135,5008,5515,5063,2002,1000,2284,4964,4001,2968,0,3080,3590,4801,1772,1004,1886,3939,4535,4509,3679,2308,2751,921,1523,3176,1486,3157,1204,2416,3008,2758,921,2692,5860,4837,4384,5232,3405,3361,2009,2846,3041,1360,565,4275,3383,4964,2408,1500,3067,3162,4802,2716,2789,3538,4472,4687,2692,2408,2343,984,2209,2420,1140,3080,0,1414,1720,4609,3982,3716,3573,3466,2500,4500,2517,4681,3982,3125,4707,2549,2302,3544,5315,5841,509,2163,3298,2780,1802,1431,4652,854,1769,1676,921,3206,2158,3220,3106,989,2209,2765,3400,2758,1788,3443,1838,1726,2126,3162,3312,1500,3605,2624,1403,1442,1029,2549,3590,1414,0,2039,4716,4589,3465,2402,2102,1118,3640,1984,4280,4365,4143,4118,2469,3701,4400,5408,5841,1860,2807,4569,2954,1746,2334,3324,2220,3182,1615,806,2340,3140,3920,1746,424,1442,4031,3280,4579,3622,5217,1838,2140,3605,5035,5044,2282,3883,4031,2617,1442,2901,2319,4801,1720,2039,0,6293,5693,5269,4410,3931,2570,5675,3891,6177,5700,4712,6092,4140,3313,5200,7000,7507,2102,3883,4604,1063,500,854,5162,1711,2617,3220,2247,4368,3807,4924,3612,1838,1442,4119,5000,2088,4883,5532,6536,6350,5707,5024,5614,6041,3748,2267,3676,6158,4775,4695,1772,4609,4716,6293,0,1676,1503,4101,4936,5385,3162,2879,1664,1004,3101,2282,2247,4924,2531,707,1252,4382,2594,4304,7353,6236,6000,5234,5077,5126,3140,4123,3214,3132,2102,4785,4640,6158,4110,1486,2692,5346,6390,6403,6315,6120,5887,6419,6067,2370,2002,3257,5948,5000,3676,1004,3982,4589,5693,1676,0,2500,4838,5491,5514,4360,3255,3140,721,1552,3679,2433,3577,905,2100,2701,3605,1838,2716,6741,5769,5200,6109,4186,3940,3014,3832,3921,1979,781,5246,4368,5948,2624,2195,707,3395,4060,5220,4992,4220,3551,4130,4664,3710,1600,2731,4891,3354,4143,1886,3716,3465,5269,1503,2500,0,2600,3436,3982,1860,1500,1004,1835,3400,1300,1170,4716,3061,2088,2418,3640,2220,4531,6300,5122,5147,3765,4368,4709,2059,3023,1711,2961,2441,3298,3482,4891,4176,412,2158,1063,1565,3488,3138,1802,1081,1581,2778,5020,3052,2915,3383,1552,4561,3939,3573,2402,4410,4101,4838,2600,0,943,2102,1555,1664,2879,4295,5161,2418,2459,5575,5100,4638,4850,3848,3640,6010,5217,4044,4726,1303,4427,5232,2408,2657,921,4318,4472,1000,2729,3383,5517,2729,2900,316,1341,2720,2340,860,1104,1220,1992,5300,3573,3047,2716,1077,4560,4535,3466,2102,3931,4936,5491,3436,943,0,1403,2483,2236,3807,5015,5590,3361,3059,5663,5630,5510,5756,3841,4071,6300,4609,3505,4396,1236,4304,5220,2729,2624,1726,4664,5028,360,2505,2716,5780,3501,3310,1118,2647,1389,1063,1081,2500,2473,707,4716,3512,2473,1315,640,3640,4509,2500,1118,2570,5385,5514,3982,2102,1403,0,3605,2507,4622,5197,5217,4313,3201,4801,5423,6041,6400,2968,3811,5685,3206,2121,3130,2607,3252,4252,2501,1897,2475,4220,4901,1140,1526,1315,5147,3900,1886,2617,2531,4992,4661,3342,2061,2668,4301,5277,3088,3622,4830,3001,5277,3679,4500,3640,5675,3162,4360,1860,1555,2483,3605,0,2022,1603,3689,5140,1004,2459,6103,4879,3535,3601,4627,3758,6191,6578,5375,5830,2236,5308,5922,2942,3605,1315,4517,4244,2549,3863,4830,5770,2193,806,2102,3224,3720,3498,2901,2745,3220,3176,3420,1389,1603,3397,1897,3255,2308,2517,1984,3891,2879,3255,1500,1664,2236,2507,2022,0,2302,2800,3500,2213,824,4123,3443,3534,3911,2607,1984,4393,4887,3689,3905,2968,3300,3905,921,1676,860,2690,2823,2002,2059,3397,3920,1392,1615,3847,4110,5941,5672,4651,3622,4229,5326,4669,2601,3700,5663,3982,5147,2751,4681,4280,6177,1664,3140,1004,2879,3807,4622,1603,2302,0,2420,4272,632,2158,5707,3847,1941,2009,4632,3206,5440,7186,5990,6109,3811,5360,5714,3008,3935,2163,3931,3269,3758,4356,5663,5119,1400,2137,4901,5824,6203,6072,5700,5316,5869,5797,2789,1746,3138,5777,4638,3883,921,3982,4365,5700,1004,721,1835,4295,5015,5197,3689,2800,2420,0,2100,2969,2009,3984,1529,1552,2158,3676,1838,3301,6762,5714,5303,5536,4327,4248,2751,3667,3373,2236,1118,4801,4204,5777,3125,1581,3264,5371,6711,5800,5807,6040,6242,6688,5632,921,2126,2745,5303,4838,2459,1523,3125,4143,4712,3101,1552,3400,5161,5590,5217,5140,3500,4272,2100,0,4695,2758,2080,670,3622,4229,2647,1526,1204,5700,4903,4071,6463,3046,2549,2863,3337,4327,1004,1019,5280,3811,5303,1077,3001,1700,3440,3535,5672,5375,4219,3059,3667,5020,5000,2844,3748,5440,3679,5300,3176,4707,4118,6092,2282,3679,1300,2418,3361,4313,1004,2213,632,2969,4695,0,2302,5968,4326,2570,2600,4726,3492,5830,7066,5859,6113,3238,5445,5903,3041,3889,1843,4244,3721,3360,4254,5440,5470,1708,608,2915,4024,4294,4123,3701,3535,4031,3827,2817,640,1565,3911,2630,3006,1486,2549,2469,4140,2247,2433,1170,2459,3059,3201,2459,824,2158,2009,2758,2302,0,3687,2641,2941,3397,2473,1303,3744,5185,4031,3981,3758,3201,3601,921,1910,1581,2059,2012,2816,2408,3911,3312,860,4295,5375,6965,4870,5015,5825,6580,6876,4964,1208,3125,2662,4365,4669,1166,3157,2302,3701,3313,4924,3577,4716,5575,5663,4801,6103,4123,5707,3984,2080,5968,3687,0,2745,5536,6140,1843,2501,1392,4119,3667,2500,6780,1676,700,3220,3041,4965,1811,2879,5307,3280,4365,1063,4310,3061,5440,6664,6140,6107,6161,6177,6664,5900,1562,2061,3001,5656,4981,3023,1204,3544,4400,5200,2531,905,3061,5100,5630,5423,4879,3443,3847,1529,670,4326,2641,2745,0,3001,3605,3101,1612,1811,6216,5345,4614,6400,3584,3182,2961,3601,4219,1392,640,5345,4110,5656,1746,2690,2731,5481,6000,7220,7023,6306,5500,6100,6708,4341,2973,4384,6850,5423,5371,2416,5315,5408,7000,707,2100,2088,4638,5510,6041,3535,3534,1941,1552,3622,2570,2941,5536,3001,0,608,5080,3275,4809,8061,6942,6700,5700,5768,5777,3841,4827,3785,3769,2668,5385,5341,6850,4669,2147,3106,5758,6120,7627,7409,6578,5632,6239,7083,4947,3500,4891,7280,5770,5948,3008,5841,5841,7507,1252,2701,2418,4850,5756,6400,3601,3911,2009,2158,4229,2600,3397,6140,3605,608,0,5630,3847,5414,8563,7424,7242,5821,6328,6369,4313,5303,4049,4365,3275,5664,5805,7280,5277,2561,3041,3546,5161,3224,3298,3982,4802,5060,3195,1902,2147,1004,2716,2828,721,2758,509,1860,2102,4382,3605,3640,3848,3841,2968,4627,2607,4632,3676,2647,4726,2473,1843,3101,5080,5630,0,1838,2789,3138,2256,1627,4992,728,1389,1700,1220,3373,1708,2830,3482,1442,2716,2256,3289,1878,3862,5186,4589,4527,4560,4720,5162,4304,1523,670,1431,4123,3373,2102,921,2163,2807,3883,2594,1838,2220,3640,4071,3811,3758,1984,3206,1838,1526,3492,1303,2501,1612,3275,3847,1838,0,2441,4940,3935,3465,4940,2500,2570,1360,2022,2828,761,1118,3769,2549,4123,2012,1811,4304,6046,7516,6001,6087,6624,7076,7465,5977,1000,3106,3275,5491,5420,2302,2692,3298,4569,4604,4304,2716,4531,6010,6300,5685,6191,4393,5440,3301,1204,5830,3744,1392,1811,4809,5414,2789,2441,0,5474,4904,3832,7291,2900,2061,3612,3801,5249,1702,2220,5964,4178,5491,538,4123,5603,4318,5807,2061,2451,4119,5703,5614,2716,4838,5093,3676,1900,3667,3257,5860,2780,2954,1063,7353,6741,6300,5217,4609,3206,6578,4887,7186,6762,5700,7066,5185,4119,6216,8061,8563,3138,4940,5474,0,1208,1649,5800,2657,3423,4263,3280,5292,4830,5968,4328,2830,1900,5021,6044,4420,3201,4767,1345,1640,3132,4609,4589,1788,4119,4000,2580,943,2507,2601,4837,1802,1746,500,6236,5769,5122,4044,3505,2121,5375,3689,5990,5714,4903,5859,4031,3667,5345,6942,7424,2256,3935,4904,1208,0,1303,4726,2009,2983,3111,2121,4085,3956,5015,3200,1640,943,4400,4883,4494,4080,5724,2640,2900,4205,5481,5571,2983,3195,3744,2416,2193,3324,1615,4384,1431,2334,854,6000,5200,5147,4726,4396,3130,5830,3905,6109,5303,4071,6113,3981,2500,4614,6700,7242,1627,3465,3832,1649,1303,0,5632,1029,1800,3101,2236,4517,3244,4420,4052,2002,2193,3373,4830,3417,1552,300,3832,3436,1746,223,447,3114,6296,4356,4123,3900,2308,5714,5232,4652,3324,5162,5234,6109,3765,1303,1236,2607,2236,2968,3811,5536,6463,3238,3758,6780,6400,5700,5821,4992,4940,7291,5800,4726,5632,0,5500,6381,3679,3773,2193,5608,5770,1581,3716,3900,6789,3956,3765,3996,5643,3195,3354,4318,5322,5522,3328,2184,2863,1702,2692,3244,608,3405,854,2220,1711,5077,4186,4368,4427,4304,3252,5308,3300,5360,4327,3046,5445,3201,1676,3584,5768,6328,728,2500,2900,2657,2009,1029,5500,0,1029,2408,1772,4031,2220,3405,3944,1802,2692,2408,4016,4204,4920,6545,4215,4382,5303,6191,6440,4356,1627,3114,2340,3716,4186,670,3361,1769,3182,2617,5126,3940,4709,5232,5220,4252,5922,3905,5714,4248,2549,5903,3601,700,3182,5777,6369,1389,2570,2061,3423,2983,1800,6381,1029,0,2983,2607,4712,2012,3190,4860,2758,3716,1655,4318,1392,2507,3905,3453,3324,3201,3465,3860,3059,2617,1019,707,3041,2022,2334,2009,1676,1615,3220,3140,3014,2059,2408,2729,2501,2942,921,3008,2751,2863,3041,921,3220,2961,3841,4313,1700,1360,3612,4263,3111,3101,3679,2408,2983,0,989,1746,1941,2408,2416,1500,3041,3111,1780,2332,2334,3940,2570,2507,2830,3584,3841,2302,2823,1923,600,2118,1640,1941,2846,921,806,2247,4123,3832,3023,2657,2624,1897,3605,1676,3935,3667,3337,3889,1910,3041,3601,4827,5303,1220,2022,3801,3280,2121,2236,3773,1772,2607,989,0,2300,2334,3140,2267,538,2118,3264,2765,1236,1708,2469,3828,3535,2529,1969,2500,3182,4280,2202,2376,3605,1838,4052,3041,3206,2340,4368,3214,3921,1711,921,1726,2475,1315,860,2163,3373,4327,1843,1581,4965,4219,3785,4049,3373,2828,5249,5292,4085,4517,2193,4031,4712,1746,2300,0,3546,3584,1615,2549,3605,4780,1811,2640,4429,5841,4804,4804,5069,5390,5800,4627,761,1431,1746,4310,3862,1697,1360,2158,3140,3807,3132,1979,2961,4318,4664,4220,4517,2690,3931,2236,1004,4244,2059,1811,1392,3769,4365,1708,761,1702,4830,3956,3244,5608,2220,2012,1941,2334,3546,0,1204,4341,2807,4310,1252,2549,2420,4850,6037,5707,5643,5590,5547,6041,5414,1676,1456,2549,5239,4428,2900,565,3220,3920,4924,2102,781,2441,4472,5028,4901,4244,2823,3269,1118,1019,3721,2012,2879,640,2668,3275,2830,1118,2220,5968,5015,4420,5770,3405,3190,2408,3140,3584,1204,0,4753,3667,5239,2009,2061,2716,100,1700,2507,2147,921,1431,1581,1788,4964,3298,2701,2451,728,4201,4275,3106,1746,3612,4785,5246,3298,1000,360,1140,2549,2002,3758,4801,5280,3360,2816,5307,5345,5385,5664,3482,3769,5964,4328,3200,4052,1581,3944,4860,2416,2267,1615,4341,4753,0,2147,2451,5440,3324,2780,2195,3847,2039,2000,2549,3546,3721,1824,3228,2459,1118,1581,1442,2126,3383,989,424,1838,4640,4368,3482,2729,2505,1526,3863,2059,4356,4204,3811,4254,2408,3280,4110,5341,5805,1442,2549,4178,2830,1640,2002,3716,1802,2758,1500,538,2549,2807,3667,2147,0,1581,3640,3252,4186,2433,3911,509,707,2236,3805,3721,854,4617,4031,2692,0,1838,3228,4964,2209,1442,1442,6158,5948,4891,3383,2716,1315,4830,3397,5663,5777,5303,5440,3911,4365,5656,6850,7280,2716,4123,5491,1900,943,2193,3900,2692,3716,3041,2118,3605,4310,5239,2451,1581,0,4964,4720,3891,5521,7009,5474,5554,6090,6576,6952,5440,500,2683,2745,4964,4887,1802,2408,2765,4031,4119,4110,2624,4176,5517,5780,5147,5770,3920,5119,3125,1077,5470,3312,1063,1746,4669,5277,2256,2012,538,5021,4400,3373,6789,2408,1655,3111,3264,4780,1252,2009,5440,3640,4964,0,3764,608,3423,4244,5077,4876,4242,3736,4295,4561,3298,1204,2418,4720,3289,3765,1500,3400,3280,5000,1486,2195,412,2729,3501,3900,2193,1392,1400,1581,3001,1708,860,4310,2690,2147,2561,3289,1811,4123,6044,4883,4830,3956,4016,4318,1780,2765,1811,2549,2061,3324,3252,4720,3764,0]);
